MSML651 - Lenzer Final Project
Prediction using Spark MLlib 


Test Error = 0.400085
Accuracy = 0.599915
F1 Score = 0.57336
Predicted Result     0.0     1.0   2.0  3.0  4.0  5.0  6.0  7.0  8.0  9.0
Actual Result                                                            
0                 384449  116599   129   17    7    7    1    0    0    0
1                 206508  213963  1737  251   34    1    2    0    2    0
2                  12840   33520  1131  121    4    0    6    0    0    0
3                   4365   16007   393  349    3    0    1    3    0    0
4                    606    3223    41    3   11    0    0    0    0    1
5                   1645     342     0    0    0    9    0    0    0    0
6                     97    1188   113   22    1    0    3    0    0    0
7                      8     183    24   15    0    0    0    0    0    0
8                      3       7     0    0    2    0    0    0    0    0
9                      0       3     0    0    0    0    0    0    0    0
