MSML651 - Lenzer Final Project
Model Evaluation 


(17506, 8)
(7503, 8)
Data Analysis

Totals by Classification: Counter({0: 12493, 1: 10599, 2: 1206, 3: 513, 4: 93, 5: 54, 6: 36, 7: 6, 8: 5, 9: 4})
Training Data counts: Counter({0: 8723, 1: 7414, 2: 854, 3: 375, 4: 67, 5: 44, 6: 18, 7: 5, 8: 3, 9: 3})
Test Data Counts: Counter({0: 3770, 1: 3185, 2: 352, 3: 138, 4: 26, 6: 18, 5: 10, 8: 2, 7: 1, 9: 1})
--------------- 


Accuracy Score of KNeighborsClassifier :  0.532853525256564
Predicted Result     0     1   2  3  4
Actual Result                         
0                 2585  1181   3  0  1
1                 1756  1408  12  7  2
2                  148   197   4  3  0
3                   39    95   3  1  0
4                    9    16   0  1  0
5                    6     4   0  0  0
6                    6    12   0  0  0
7                    0     1   0  0  0
8                    0     2   0  0  0
9                    0     1   0  0  0
              precision    recall  f1-score   support

           0       0.57      0.69      0.62      3770
           1       0.48      0.44      0.46      3185
           2       0.18      0.01      0.02       352
           3       0.08      0.01      0.01       138
           4       0.00      0.00      0.00        26
           5       0.00      0.00      0.00        10
           6       0.00      0.00      0.00        18
           7       0.00      0.00      0.00         1
           8       0.00      0.00      0.00         2
           9       0.00      0.00      0.00         1

    accuracy                           0.53      7503
   macro avg       0.13      0.11      0.11      7503
weighted avg       0.50      0.53      0.51      7503

F1 Score: 0.511597732805661
Cross Validated Results
[0.53916277 0.52543186 0.53047025]
--------------- 

Accuracy Score of SVM :  0.5024656803945089
Predicted Result     0
Actual Result         
0                 3770
1                 3185
2                  352
3                  138
4                   26
5                   10
6                   18
7                    1
8                    2
9                    1
              precision    recall  f1-score   support

           0       0.50      1.00      0.67      3770
           1       0.00      0.00      0.00      3185
           2       0.00      0.00      0.00       352
           3       0.00      0.00      0.00       138
           4       0.00      0.00      0.00        26
           5       0.00      0.00      0.00        10
           6       0.00      0.00      0.00        18
           7       0.00      0.00      0.00         1
           8       0.00      0.00      0.00         2
           9       0.00      0.00      0.00         1

    accuracy                           0.50      7503
   macro avg       0.05      0.10      0.07      7503
weighted avg       0.25      0.50      0.34      7503

F1 Score: 0.668854785771312
Cross Validated Results
[0.49958018 0.49952015 0.49952015]
--------------- 

Accuracy Score of DecisionTree :  0.4571504731440757
Predicted Result     0     1    2    3   4  5  6  7  8  9
Actual Result                                            
0                 2015  1482  171   70  18  9  5  0  0  0
1                 1426  1366  253  104  17  8  7  2  0  2
2                  140   157   34   15   1  2  2  1  0  0
3                   49    60   13   13   3  0  0  0  0  0
4                   10    12    2    1   1  0  0  0  0  0
5                    5     3    0    0   0  1  0  0  1  0
6                    3    11    2    2   0  0  0  0  0  0
7                    0     1    0    0   0  0  0  0  0  0
8                    1     0    0    0   1  0  0  0  0  0
9                    0     1    0    0   0  0  0  0  0  0
              precision    recall  f1-score   support

           0       0.55      0.53      0.54      3770
           1       0.44      0.43      0.44      3185
           2       0.07      0.10      0.08       352
           3       0.06      0.09      0.08       138
           4       0.02      0.04      0.03        26
           5       0.05      0.10      0.07        10
           6       0.00      0.00      0.00        18
           7       0.00      0.00      0.00         1
           8       0.00      0.00      0.00         2
           9       0.00      0.00      0.00         1

    accuracy                           0.46      7503
   macro avg       0.12      0.13      0.12      7503
weighted avg       0.47      0.46      0.46      7503

F1 Score: 0.4631118258162234
Cross Validated Results
[0.4645556  0.48296545 0.493762  ]
--------------- 

Accuracy Score of RandomForest :  0.5528455284552846
Predicted Result     0     1  2  3  5
Actual Result                        
0                 2757  1012  1  0  0
1                 1786  1390  7  1  1
2                  130   220  1  1  0
3                   36   102  0  0  0
4                   12    14  0  0  0
5                    9     1  0  0  0
6                    1    17  0  0  0
7                    0     1  0  0  0
8                    0     2  0  0  0
9                    0     1  0  0  0
              precision    recall  f1-score   support

           0       0.58      0.73      0.65      3770
           1       0.50      0.44      0.47      3185
           2       0.11      0.00      0.01       352
           3       0.00      0.00      0.00       138
           4       0.00      0.00      0.00        26
           5       0.00      0.00      0.00        10
           6       0.00      0.00      0.00        18
           7       0.00      0.00      0.00         1
           8       0.00      0.00      0.00         2
           9       0.00      0.00      0.00         1

    accuracy                           0.55      7503
   macro avg       0.12      0.12      0.11      7503
weighted avg       0.51      0.55      0.52      7503

F1 Score: 0.52805537847242
Cross Validated Results
[0.57358762 0.55926104 0.55878119]
--------------- 

Accuracy Score of KNeighbors2 :  0.5261895241903238
Predicted Result     0    1   2  3  4
Actual Result                        
0                 3014  743  12  0  1
1                 2221  926  32  6  0
2                  192  152   6  2  0
3                   58   74   4  2  0
4                   15   11   0  0  0
5                   10    0   0  0  0
6                    8   10   0  0  0
7                    1    0   0  0  0
8                    0    2   0  0  0
9                    1    0   0  0  0
              precision    recall  f1-score   support

           0       0.55      0.80      0.65      3770
           1       0.48      0.29      0.36      3185
           2       0.11      0.02      0.03       352
           3       0.20      0.01      0.03       138
           4       0.00      0.00      0.00        26
           5       0.00      0.00      0.00        10
           6       0.00      0.00      0.00        18
           7       0.00      0.00      0.00         1
           8       0.00      0.00      0.00         2
           9       0.00      0.00      0.00         1

    accuracy                           0.53      7503
   macro avg       0.13      0.11      0.11      7503
weighted avg       0.49      0.53      0.48      7503

F1 Score: 0.4840429454894949
Cross Validated Results
[0.53124625 0.52951056 0.52543186]
--------------- 

Accuracy Score of KNeighbors3 :  0.5225909636145541
Predicted Result     0     1   2   3  4
Actual Result                          
0                 2531  1221  17   1  0
1                 1752  1381  38  12  2
2                  157   186   8   1  0
3                   42    91   4   1  0
4                    7    16   1   2  0
5                    7     3   0   0  0
6                    7    10   1   0  0
7                    0     1   0   0  0
8                    0     2   0   0  0
9                    0     1   0   0  0
              precision    recall  f1-score   support

           0       0.56      0.67      0.61      3770
           1       0.47      0.43      0.45      3185
           2       0.12      0.02      0.04       352
           3       0.06      0.01      0.01       138
           4       0.00      0.00      0.00        26
           5       0.00      0.00      0.00        10
           6       0.00      0.00      0.00        18
           7       0.00      0.00      0.00         1
           8       0.00      0.00      0.00         2
           9       0.00      0.00      0.00         1

    accuracy                           0.52      7503
   macro avg       0.12      0.11      0.11      7503
weighted avg       0.49      0.52      0.50      7503

F1 Score: 0.5039143094444137
Cross Validated Results
[0.51997121 0.5196737  0.51355566]
--------------- 

Accuracy Score of KNeighbors4 :  0.5339197654271625
Predicted Result     0     1   2   3  4
Actual Result                          
0                 2856   888  22   3  1
1                 1986  1139  41  17  2
2                  162   175  10   5  0
3                   56    77   4   1  0
4                    7    16   1   2  0
5                    9     1   0   0  0
6                    8     9   1   0  0
7                    0     1   0   0  0
8                    0     2   0   0  0
9                    0     1   0   0  0
              precision    recall  f1-score   support

           0       0.56      0.76      0.65      3770
           1       0.49      0.36      0.41      3185
           2       0.13      0.03      0.05       352
           3       0.04      0.01      0.01       138
           4       0.00      0.00      0.00        26
           5       0.00      0.00      0.00        10
           6       0.00      0.00      0.00        18
           7       0.00      0.00      0.00         1
           8       0.00      0.00      0.00         2
           9       0.00      0.00      0.00         1

    accuracy                           0.53      7503
   macro avg       0.12      0.12      0.11      7503
weighted avg       0.50      0.53      0.50      7503

F1 Score: 0.5047188723117841
Cross Validated Results
[0.54492024 0.53442898 0.53526871]
--------------- 

Accuracy Score of KNeighbors5 :  0.532853525256564
Predicted Result     0     1   2  3  4
Actual Result                         
0                 2585  1181   3  0  1
1                 1756  1408  12  7  2
2                  148   197   4  3  0
3                   39    95   3  1  0
4                    9    16   0  1  0
5                    6     4   0  0  0
6                    6    12   0  0  0
7                    0     1   0  0  0
8                    0     2   0  0  0
9                    0     1   0  0  0
              precision    recall  f1-score   support

           0       0.57      0.69      0.62      3770
           1       0.48      0.44      0.46      3185
           2       0.18      0.01      0.02       352
           3       0.08      0.01      0.01       138
           4       0.00      0.00      0.00        26
           5       0.00      0.00      0.00        10
           6       0.00      0.00      0.00        18
           7       0.00      0.00      0.00         1
           8       0.00      0.00      0.00         2
           9       0.00      0.00      0.00         1

    accuracy                           0.53      7503
   macro avg       0.13      0.11      0.11      7503
weighted avg       0.50      0.53      0.51      7503

F1 Score: 0.511597732805661
Cross Validated Results
[0.53916277 0.52543186 0.53047025]
--------------- 

Accuracy Score of KNeighbors6 :  0.5440490470478475
Predicted Result     0     1  2  3  4
Actual Result                        
0                 2819   947  3  0  1
1                 1912  1259  9  5  0
2                  168   180  4  0  0
3                   42    94  2  0  0
4                    9    16  0  1  0
5                    9     1  0  0  0
6                    5    13  0  0  0
7                    0     1  0  0  0
8                    0     2  0  0  0
9                    0     1  0  0  0
              precision    recall  f1-score   support

           0       0.57      0.75      0.65      3770
           1       0.50      0.40      0.44      3185
           2       0.22      0.01      0.02       352
           3       0.00      0.00      0.00       138
           4       0.00      0.00      0.00        26
           5       0.00      0.00      0.00        10
           6       0.00      0.00      0.00        18
           7       0.00      0.00      0.00         1
           8       0.00      0.00      0.00         2
           9       0.00      0.00      0.00         1

    accuracy                           0.54      7503
   macro avg       0.13      0.12      0.11      7503
weighted avg       0.51      0.54      0.51      7503

F1 Score: 0.5151208723865376
Cross Validated Results
[0.55043781 0.54234645 0.54810461]
--------------- 

Accuracy Score of KNeighbors7 :  0.5380514460882314
Predicted Result     0     1   2  3  4
Actual Result                         
0                 2626  1139   4  0  1
1                 1763  1407  12  3  0
2                  157   191   4  0  0
3                   43    93   2  0  0
4                    6    19   0  1  0
5                    6     4   0  0  0
6                    4    14   0  0  0
7                    0     1   0  0  0
8                    0     2   0  0  0
9                    0     1   0  0  0
              precision    recall  f1-score   support

           0       0.57      0.70      0.63      3770
           1       0.49      0.44      0.46      3185
           2       0.18      0.01      0.02       352
           3       0.00      0.00      0.00       138
           4       0.00      0.00      0.00        26
           5       0.00      0.00      0.00        10
           6       0.00      0.00      0.00        18
           7       0.00      0.00      0.00         1
           8       0.00      0.00      0.00         2
           9       0.00      0.00      0.00         1

    accuracy                           0.54      7503
   macro avg       0.12      0.11      0.11      7503
weighted avg       0.50      0.54      0.51      7503

F1 Score: 0.5155488429886308
Cross Validated Results
[0.5397625  0.53538868 0.53730806]
--------------- 

Accuracy Score of KNeighbors8 :  0.5460482473677196
Predicted Result     0     1  2  3  4
Actual Result                        
0                 2790   977  2  0  1
1                 1870  1305  7  3  0
2                  160   190  2  0  0
3                   42    95  1  0  0
4                    7    18  0  1  0
5                    9     1  0  0  0
6                    5    13  0  0  0
7                    0     1  0  0  0
8                    0     2  0  0  0
9                    0     1  0  0  0
              precision    recall  f1-score   support

           0       0.57      0.74      0.64      3770
           1       0.50      0.41      0.45      3185
           2       0.17      0.01      0.01       352
           3       0.00      0.00      0.00       138
           4       0.00      0.00      0.00        26
           5       0.00      0.00      0.00        10
           6       0.00      0.00      0.00        18
           7       0.00      0.00      0.00         1
           8       0.00      0.00      0.00         2
           9       0.00      0.00      0.00         1

    accuracy                           0.55      7503
   macro avg       0.12      0.12      0.11      7503
weighted avg       0.51      0.55      0.52      7503

F1 Score: 0.5181666892602687
Cross Validated Results
[0.55859422 0.54318618 0.55182342]
--------------- 

